100
0 15
8 4
6 8
11 13
22 10
29 17
37 20
34 3
33 18
26 10
29 6
18 1
11 5
8 19
14 5
13 9
11 15
18 19
33 13
28 16
40 15
33 6
31 11
34 8
29 1
24 14
30 16
23 14
18 14
22 18
24 19
34 4
34 5
31 17
43 7
45 3
38 15
26 2
22 20
38 7
27 7
31 4
21 10
22 12
27 19
23 16
20 16
18 1
17 4
10 12
15 10
20 10
18 20
30 16
37 4
33 18
41 8
29 17
41 17
46 11
40 11
26 2
22 11
20 14
27 6
30 1
16 17
26 6
22 19
20 14
24 8
16 17
23 3
23 6
26 15
25 3
14 16
21 14
32 3
21 17
23 17
24 13
18 7
22 4
23 15
34 18
31 7
34 4
19 19
27 10
22 8
21 1
18 4
11 11
15 13
25 16
20 17
26 20
37 9
23 9
