200
0 12
10 15
15 15
24 13
26 11
26 18
22 2
17 4
15 4
11 4
10 2
7 20
19 7
21 14
32 7
35 5
36 18
38 2
20 8
22 11
23 14
26 5
25 1
18 6
19 8
14 4
11 4
8 6
10 20
15 18
26 3
23 10
30 9
27 11
34 20
43 2
22 17
27 6
20 5
22 16
34 4
30 11
37 6
34 18
26 2
25 4
17 16
30 13
39 20
53 14
54 7
37 19
39 8
38 11
24 11
21 2
12 11
12 20
16 8
22 3
15 20
21 11
22 10
16 17
23 12
32 2
17 7
19 7
18 20
30 9
23 4
19 5
19 2
10 2
11 9
10 20
24 5
26 6
19 12
25 2
19 1
10 15
20 2
20 4
12 6
9 10
10 8
13 4
14 11
20 2
15 9
17 4
19 5
12 4
11 16
16 7
16 6
15 4
11 17
20 11
28 8
32 11
22 12
27 14
25 7
19 5
12 1
12 8
16 19
24 20
31 20
41 6
28 12
24 9
30 7
26 14
20 6
18 10
20 19
31 17
38 9
38 11
34 12
37 8
40 3
39 2
25 12
18 11
23 13
32 13
40 20
36 4
36 1
26 2
20 11
25 1
16 14
27 3
15 12
24 11
18 1
17 20
18 9
24 10
31 16
28 4
22 2
19 3
13 2
10 14
22 16
19 16
32 11
39 11
40 20
42 14
50 20
56 1
46 9
38 14
47 20
60 9
48 18
40 7
28 14
25 12
26 20
32 15
24 9
30 16
37 3
36 18
49 6
28 18
28 1
17 14
28 17
31 16
42 1
26 17
30 10
20 7
16 9
15 8
12 17
14 16
21 13
24 1
15 18
30 20
30 5
24 12
29 12
20 4
19 19
34 9
34 8
25 20
36 17
26 7
